[pt25]
in_rtp=25.3955
in_a=-4.64e-04
in_b=-2.6e-05
out_rtp=24.8162
out_a=-3.88e-04
out_b=-2.3e-05

[pt100]
in_rtp=100
in_a=0.00391
in_b=-6.00006e-07
out_rtp=100
out_a=0.00391
out_b=-6.00006e-07

[in_use]
pt=pt100
model=1
