[pt25]
in_rtp=25.4759
in_a=-0.000099
in_b=-0.000006
out_rtp=25.4743
out_a=-0.000062
out_b=-0.000014

[pt100]
in_rtp=100
in_a=0.00391
in_b=-6.00006e-07
out_rtp=100
out_a=0.00391
out_b=-6.00006e-07

[in_use]
pt=pt25
model=2
valueType=1
