[setting]
r0=999.979
a=0.00390936
b=-5.85631e-07

[default]
r0=100
a=3.9083e-3
b=-5.775e-7
