[setting]
r0=1000
a=0.00604
b=-2.08e-05

[default]
r0=1000
a=3.9083e-3
b=-5.775e-7

[pt1000]
r0=999.979
a=0.00390936
b=-5.85631e-07
