[pt25]
in_rtp=25
in_a=3.33
in_b=-3.64
out_rtp=25
out_a=3.31
out_b=-4.1

[pt100]
in_rtp=100
in_a=0.00391
in_b=-6.00006e-07
out_rtp=100
out_a=0.00391
out_b=-6.00006e-07

[in_use]
pt=pt100
model=\x552f\x529b
