[pt25]
in_rtp=25
in_a=3.33
in_b=-3.64
out_rtp=25
out_a=3.31
out_b=-4.1

[pt100]
in_rtp=1161.82
in_a=-0.00278787
in_b=9.3388e-05
out_rtp=1160.82
out_a=-0.00268403
out_b=9.37556e-05

[in_use]
pt=pt100
model=WeiLi
